0.000000	8097.142857	0.121990	-0.198644	0.233112	-1.020063	0.014488	0.000831	0.014512	0.057283	0.394942	0.055988	0.398891	0.140825
1.000000	8102.142857	0.121986	-0.198654	0.233118	-1.020099	0.014468	0.000830	0.014492	0.057297	0.394955	0.056005	0.398906	0.140862
2.000000	8107.142857	0.121980	-0.198656	0.233116	-1.020128	0.014448	0.000829	0.014472	0.057282	0.395009	0.056010	0.398960	0.140854
3.000000	8112.142857	0.121979	-0.198672	0.233130	-1.020166	0.014430	0.000827	0.014454	0.057215	0.395047	0.056010	0.398998	0.140843
4.000000	8117.142857	0.121982	-0.198689	0.233145	-1.020195	0.014429	0.000828	0.014452	0.057328	0.395080	0.056013	0.399031	0.140839
5.000000	8122.142857	0.121986	-0.198704	0.233160	-1.020213	0.014425	0.000829	0.014448	0.057437	0.395076	0.056022	0.399028	0.140861
6.000000	8127.142857	0.121990	-0.198709	0.233167	-1.020209	0.014418	0.000830	0.014442	0.057500	0.395135	0.056039	0.399089	0.140882
7.000000	8132.142857	0.122013	-0.198731	0.233198	-1.020175	0.014417	0.000831	0.014441	0.057600	0.395130	0.056055	0.399086	0.140925
8.000000	8137.142857	0.122018	-0.198740	0.233208	-1.020177	0.014408	0.000832	0.014432	0.057686	0.395161	0.056073	0.399120	0.140958
9.000000	8142.142857	0.122024	-0.198744	0.233215	-1.020164	0.014407	0.000833	0.014431	0.057768	0.395171	0.056082	0.399131	0.140978
10.000000	8147.142857	0.122022	-0.198750	0.233218	-1.020184	0.014406	0.000834	0.014431	0.057803	0.395196	0.056066	0.399153	0.140929
11.000000	8152.142857	0.122027	-0.198773	0.233241	-1.020220	0.014411	0.000834	0.014436	0.057839	0.395198	0.056050	0.399153	0.140888
12.000000	8157.142857	0.122028	-0.198785	0.233251	-1.020240	0.014410	0.000835	0.014434	0.057887	0.395212	0.056039	0.399165	0.140856
13.000000	8162.142857	0.122038	-0.198809	0.233277	-1.020257	0.014407	0.000836	0.014431	0.057936	0.395185	0.056041	0.399139	0.140870
14.000000	8167.142857	0.122048	-0.198820	0.233292	-1.020247	0.014413	0.000837	0.014437	0.058014	0.395235	0.056040	0.399189	0.140851
15.000000	8172.142857	0.122043	-0.198809	0.233280	-1.020240	0.014416	0.000838	0.014440	0.058040	0.395217	0.056023	0.399168	0.140815
16.000000	8177.142857	0.122062	-0.198820	0.233300	-1.020195	0.014415	0.000839	0.014439	0.058141	0.395219	0.056042	0.399172	0.140862
17.000000	8182.142857	0.122062	-0.198833	0.233310	-1.020222	0.014414	0.000839	0.014438	0.058149	0.395222	0.056027	0.399173	0.140824
18.000000	8187.142857	0.122061	-0.198840	0.233316	-1.020244	0.014416	0.000840	0.014440	0.058183	0.395253	0.056014	0.399203	0.140778
19.000000	8192.142857	0.122058	-0.198846	0.233319	-1.020268	0.014416	0.000841	0.014441	0.058252	0.395269	0.056011	0.399217	0.140767
20.000000	8197.142857	0.122065	-0.198864	0.233338	-1.020283	0.014413	0.000841	0.014437	0.058252	0.395270	0.056007	0.399218	0.140756
21.000000	8202.142857	0.122068	-0.198870	0.233345	-1.020288	0.014413	0.000841	0.014437	0.058306	0.395284	0.056014	0.399233	0.140768
22.000000	8207.142857	0.122054	-0.198898	0.233361	-1.020401	0.014409	0.000842	0.014434	0.058379	0.395311	0.056013	0.399259	0.140758
23.000000	8212.142857	0.122059	-0.198906	0.233371	-1.020400	0.014405	0.000842	0.014430	0.058356	0.395324	0.056031	0.399275	0.140798
24.000000	8217.142857	0.122066	-0.198919	0.233386	-1.020404	0.014400	0.000841	0.014425	0.058326	0.395364	0.056023	0.399314	0.140764
25.000000	8222.142857	0.122068	-0.198921	0.233388	-1.020399	0.014397	0.000840	0.014422	0.058287	0.395383	0.056034	0.399334	0.140782
26.000000	8227.142857	0.122065	-0.198909	0.233376	-1.020386	0.014396	0.000840	0.014421	0.058299	0.395402	0.056037	0.399353	0.140785
27.000000	8232.142857	0.122060	-0.198923	0.233386	-1.020432	0.014393	0.000839	0.014418	0.058228	0.395428	0.056043	0.399380	0.140789
28.000000	8237.142857	0.122062	-0.198931	0.233394	-1.020444	0.014392	0.000840	0.014416	0.058282	0.395443	0.056063	0.399397	0.140833
29.000000	8242.142857	0.122067	-0.198944	0.233407	-1.020456	0.014393	0.000839	0.014417	0.058203	0.395516	0.056059	0.399469	0.140798
30.000000	8247.142857	0.122058	-0.198956	0.233413	-1.020515	0.014395	0.000838	0.014419	0.058153	0.395531	0.056043	0.399482	0.140754
31.000000	8252.142857	0.122073	-0.198972	0.233435	-1.020497	0.014398	0.000839	0.014423	0.058236	0.395489	0.056065	0.399443	0.140822
32.000000	8257.142857	0.122077	-0.198963	0.233429	-1.020460	0.014400	0.000841	0.014425	0.058310	0.395504	0.056066	0.399458	0.140820
33.000000	8262.142857	0.122099	-0.198987	0.233461	-1.020437	0.014402	0.000841	0.014427	0.058331	0.395498	0.056078	0.399454	0.140852
34.000000	8267.142857	0.122100	-0.198984	0.233459	-1.020426	0.014402	0.000841	0.014427	0.058339	0.395507	0.056084	0.399464	0.140864
35.000000	8272.142857	0.122103	-0.198987	0.233463	-1.020418	0.014400	0.000840	0.014424	0.058283	0.395521	0.056087	0.399478	0.140867
36.000000	8277.142857	0.122112	-0.198996	0.233475	-1.020405	0.014393	0.000840	0.014418	0.058282	0.395497	0.056088	0.399455	0.140878
37.000000	8282.142857	0.122114	-0.199004	0.233483	-1.020416	0.014395	0.000839	0.014420	0.058251	0.395520	0.056089	0.399477	0.140870
38.000000	8287.142857	0.122114	-0.199006	0.233485	-1.020422	0.014387	0.000838	0.014412	0.058149	0.395518	0.056086	0.399475	0.140864
39.000000	8292.142857	0.122110	-0.199018	0.233493	-1.020463	0.014385	0.000837	0.014409	0.058100	0.395541	0.056089	0.399498	0.140865
40.000000	8297.142857	0.122123	-0.199034	0.233514	-1.020451	0.014381	0.000836	0.014405	0.058076	0.395541	0.056103	0.399500	0.140898
41.000000	8302.142857	0.122125	-0.199027	0.233509	-1.020429	0.014384	0.000838	0.014409	0.058174	0.395544	0.056131	0.399507	0.140968
42.000000	8307.142857	0.122140	-0.199033	0.233521	-1.020388	0.014389	0.000838	0.014414	0.058178	0.395573	0.056135	0.399536	0.140967
43.000000	8312.142857	0.122153	-0.199041	0.233535	-1.020358	0.014387	0.000838	0.014411	0.058196	0.395609	0.056161	0.399576	0.141020
44.000000	8317.142857	0.122163	-0.199047	0.233545	-1.020336	0.014386	0.000839	0.014411	0.058269	0.395611	0.056175	0.399579	0.141052
45.000000	8322.142857	0.122161	-0.199045	0.233542	-1.020338	0.014386	0.000839	0.014411	0.058255	0.395644	0.056171	0.399611	0.141030
46.000000	8327.142857	0.122175	-0.199060	0.233562	-1.020321	0.014383	0.000839	0.014408	0.058253	0.395636	0.056185	0.399606	0.141069
47.000000	8332.142857	0.122177	-0.199064	0.233568	-1.020322	0.014388	0.000839	0.014413	0.058241	0.395650	0.056188	0.399620	0.141070
48.000000	8337.142857	0.122172	-0.199066	0.233567	-1.020346	0.014389	0.000839	0.014413	0.058227	0.395663	0.056175	0.399631	0.141033
49.000000	8342.142857	0.122169	-0.199066	0.233565	-1.020358	0.014385	0.000839	0.014410	0.058234	0.395631	0.056165	0.399598	0.141021
50.000000	8347.142857	0.122159	-0.199058	0.233553	-1.020376	0.014385	0.000838	0.014409	0.058200	0.395660	0.056167	0.399626	0.141015
51.000000	8352.142857	0.122172	-0.199071	0.233571	-1.020357	0.014381	0.000838	0.014406	0.058209	0.395661	0.056171	0.399628	0.141025
52.000000	8357.142857	0.122165	-0.199068	0.233564	-1.020375	0.014386	0.000839	0.014410	0.058258	0.395659	0.056174	0.399627	0.141034
53.000000	8362.142857	0.122166	-0.199076	0.233572	-1.020391	0.014386	0.000838	0.014410	0.058180	0.395698	0.056163	0.399664	0.140992
54.000000	8367.142857	0.122173	-0.199089	0.233586	-1.020394	0.014383	0.000837	0.014407	0.058123	0.395740	0.056168	0.399706	0.140989
55.000000	8372.142857	0.122173	-0.199098	0.233594	-1.020414	0.014385	0.000838	0.014410	0.058194	0.395735	0.056184	0.399704	0.141032
56.000000	8377.142857	0.122169	-0.199097	0.233591	-1.020425	0.014382	0.000839	0.014407	0.058243	0.395689	0.056203	0.399660	0.141094
57.000000	8382.142857	0.122173	-0.199103	0.233599	-1.020426	0.014381	0.000839	0.014405	0.058248	0.395725	0.056205	0.399697	0.141086
58.000000	8387.142857	0.122172	-0.199097	0.233593	-1.020413	0.014380	0.000839	0.014405	0.058249	0.395707	0.056203	0.399679	0.141087
59.000000	8392.142857	0.122179	-0.199106	0.233605	-1.020408	0.014382	0.000839	0.014407	0.058279	0.395719	0.056208	0.399691	0.141095
60.000000	8397.142857	0.122176	-0.199107	0.233603	-1.020421	0.014383	0.000839	0.014408	0.058240	0.395742	0.056209	0.399713	0.141090
61.000000	8402.142857	0.122180	-0.199128	0.233623	-1.020453	0.014379	0.000839	0.014403	0.058276	0.395740	0.056218	0.399713	0.141113
62.000000	8407.142857	0.122176	-0.199128	0.233621	-1.020467	0.014384	0.000839	0.014409	0.058271	0.395746	0.056205	0.399717	0.141078
63.000000	8412.142857	0.122180	-0.199143	0.233636	-1.020488	0.014385	0.000840	0.014410	0.058313	0.395749	0.056210	0.399721	0.141091
64.000000	8417.142857	0.122196	-0.199154	0.233654	-1.020455	0.014383	0.000841	0.014407	0.058380	0.395701	0.056235	0.399677	0.141169
65.000000	8422.142857	0.122199	-0.199165	0.233665	-1.020468	0.014385	0.000841	0.014409	0.058420	0.395716	0.056237	0.399692	0.141169
66.000000	8427.142857	0.122193	-0.199162	0.233659	-1.020485	0.014387	0.000842	0.014411	0.058442	0.395730	0.056237	0.399706	0.141165
67.000000	8432.142857	0.122202	-0.199171	0.233672	-1.020469	0.014389	0.000842	0.014413	0.058450	0.395729	0.056231	0.399704	0.141150
68.000000	8437.142857	0.122206	-0.199168	0.233671	-1.020448	0.014391	0.000842	0.014416	0.058470	0.395750	0.056234	0.399726	0.141150
69.000000	8442.142857	0.122200	-0.199172	0.233671	-1.020479	0.014391	0.000842	0.014415	0.058475	0.395722	0.056233	0.399697	0.141156
70.000000	8447.142857	0.122198	-0.199183	0.233680	-1.020511	0.014391	0.000842	0.014416	0.058438	0.395770	0.056240	0.399746	0.141158
71.000000	8452.142857	0.122197	-0.199197	0.233691	-1.020547	0.014396	0.000840	0.014421	0.058303	0.395796	0.056236	0.399772	0.141138
72.000000	8457.142857	0.122194	-0.199208	0.233699	-1.020582	0.014391	0.000839	0.014415	0.058242	0.395816	0.056238	0.399791	0.141137
73.000000	8462.142857	0.122193	-0.199208	0.233699	-1.020588	0.014386	0.000839	0.014410	0.058235	0.395819	0.056235	0.399794	0.141127
74.000000	8467.142857	0.122187	-0.199204	0.233691	-1.020600	0.014390	0.000840	0.014415	0.058336	0.395779	0.056246	0.399756	0.141168
75.000000	8472.142857	0.122188	-0.199213	0.233700	-1.020616	0.014400	0.000842	0.014425	0.058383	0.395782	0.056241	0.399758	0.141155
76.000000	8477.142857	0.122187	-0.199211	0.233698	-1.020617	0.014406	0.000842	0.014431	0.058397	0.395776	0.056238	0.399752	0.141149
77.000000	8482.142857	0.122205	-0.199222	0.233717	-1.020574	0.014399	0.000846	0.014424	0.058662	0.395767	0.056261	0.399746	0.141212
78.000000	8487.142857	0.122206	-0.199230	0.233724	-1.020587	0.014396	0.000846	0.014421	0.058683	0.395780	0.056269	0.399760	0.141227
79.000000	8492.142857	0.122206	-0.199225	0.233720	-1.020578	0.014396	0.000846	0.014421	0.058730	0.395765	0.056269	0.399745	0.141232
80.000000	8497.142857	0.122214	-0.199227	0.233726	-1.020554	0.014399	0.000848	0.014423	0.058795	0.395756	0.056280	0.399738	0.141261
81.000000	8502.142857	0.122215	-0.199232	0.233730	-1.020558	0.014400	0.000847	0.014424	0.058782	0.395733	0.056277	0.399714	0.141262
82.000000	8507.142857	0.122225	-0.199254	0.233755	-1.020575	0.014399	0.000847	0.014424	0.058785	0.395747	0.056282	0.399729	0.141271
83.000000	8512.142857	0.122228	-0.199259	0.233760	-1.020573	0.014395	0.000847	0.014420	0.058775	0.395786	0.056294	0.399770	0.141287
84.000000	8517.142857	0.122237	-0.199250	0.233758	-1.020521	0.014390	0.000846	0.014415	0.058752	0.395790	0.056293	0.399773	0.141282
85.000000	8522.142857	0.122245	-0.199250	0.233761	-1.020492	0.014391	0.000847	0.014416	0.058780	0.395803	0.056306	0.399787	0.141310
86.000000	8527.142857	0.122249	-0.199253	0.233766	-1.020483	0.014398	0.000849	0.014423	0.058870	0.395796	0.056310	0.399781	0.141322
87.000000	8532.142857	0.122247	-0.199250	0.233762	-1.020481	0.014399	0.000848	0.014424	0.058834	0.395812	0.056294	0.399796	0.141276
88.000000	8537.142857	0.122249	-0.199255	0.233768	-1.020486	0.014396	0.000848	0.014421	0.058812	0.395832	0.056304	0.399816	0.141294
89.000000	8542.142857	0.122260	-0.199269	0.233785	-1.020478	0.014397	0.000848	0.014422	0.058866	0.395824	0.056310	0.399809	0.141311
90.000000	8547.142857	0.122260	-0.199255	0.233774	-1.020448	0.014399	0.000849	0.014424	0.058921	0.395826	0.056317	0.399813	0.141328
91.000000	8552.142857	0.122275	-0.199275	0.233798	-1.020439	0.014393	0.000848	0.014418	0.058869	0.395873	0.056328	0.399861	0.141339
92.000000	8557.142857	0.122280	-0.199282	0.233807	-1.020434	0.014390	0.000848	0.014415	0.058857	0.395896	0.056337	0.399884	0.141353
93.000000	8562.142857	0.122287	-0.199289	0.233817	-1.020427	0.014388	0.000849	0.014413	0.058907	0.395884	0.056350	0.399874	0.141389
94.000000	8567.142857	0.122287	-0.199300	0.233826	-1.020449	0.014383	0.000848	0.014408	0.058891	0.395896	0.056363	0.399888	0.141419
95.000000	8572.142857	0.122278	-0.199289	0.233812	-1.020456	0.014386	0.000849	0.014411	0.058931	0.395897	0.056375	0.399891	0.141448
96.000000	8577.142857	0.122298	-0.199289	0.233822	-1.020386	0.014387	0.000850	0.014412	0.058993	0.395885	0.056376	0.399879	0.141454
97.000000	8582.142857	0.122309	-0.199296	0.233834	-1.020361	0.014387	0.000850	0.014412	0.059036	0.395877	0.056385	0.399872	0.141479
98.000000	8587.142857	0.122308	-0.199303	0.233839	-1.020378	0.014383	0.000850	0.014408	0.059025	0.395877	0.056372	0.399871	0.141447
99.000000	8592.142857	0.122305	-0.199314	0.233848	-1.020414	0.014381	0.000849	0.014406	0.058960	0.395856	0.056357	0.399847	0.141417
100.000000	8597.142857	0.122297	-0.199307	0.233838	-1.020430	0.014378	0.000848	0.014403	0.058894	0.395873	0.056336	0.399862	0.141360
101.000000	8602.142857	0.122302	-0.199311	0.233844	-1.020420	0.014377	0.000848	0.014402	0.058904	0.395919	0.056354	0.399909	0.141389
102.000000	8607.142857	0.122311	-0.199313	0.233849	-1.020393	0.014376	0.000848	0.014401	0.058941	0.395903	0.056358	0.399894	0.141402
103.000000	8612.142857	0.122315	-0.199320	0.233858	-1.020394	0.014375	0.000848	0.014400	0.058947	0.395947	0.056366	0.399939	0.141408
104.000000	8617.142857	0.122314	-0.199321	0.233859	-1.020398	0.014373	0.000848	0.014398	0.058922	0.395940	0.056365	0.399932	0.141407
105.000000	8622.142857	0.122323	-0.199317	0.233860	-1.020356	0.014372	0.000848	0.014397	0.058926	0.395942	0.056358	0.399933	0.141389
106.000000	8627.142857	0.122334	-0.199335	0.233881	-1.020356	0.014373	0.000848	0.014398	0.058915	0.395947	0.056359	0.399938	0.141390
107.000000	8632.142857	0.122334	-0.199336	0.233882	-1.020358	0.014374	0.000849	0.014399	0.058983	0.395926	0.056359	0.399918	0.141398
108.000000	8637.142857	0.122335	-0.199351	0.233895	-1.020388	0.014375	0.000849	0.014400	0.058977	0.395946	0.056340	0.399934	0.141343
109.000000	8642.142857	0.122328	-0.199340	0.233882	-1.020389	0.014375	0.000847	0.014400	0.058844	0.395968	0.056322	0.399953	0.141292
110.000000	8647.142857	0.122335	-0.199337	0.233882	-1.020358	0.014374	0.000847	0.014399	0.058890	0.395947	0.056326	0.399934	0.141308
111.000000	8652.142857	0.122337	-0.199365	0.233907	-1.020411	0.014376	0.000848	0.014401	0.058911	0.395975	0.056337	0.399963	0.141326
112.000000	8657.142857	0.122331	-0.199365	0.233905	-1.020436	0.014380	0.000848	0.014405	0.058914	0.395989	0.056328	0.399975	0.141300
113.000000	8662.142857	0.122330	-0.199374	0.233911	-1.020457	0.014381	0.000848	0.014406	0.058928	0.396023	0.056326	0.400009	0.141281
114.000000	8667.142857	0.122315	-0.199365	0.233896	-1.020491	0.014378	0.000848	0.014402	0.058892	0.396024	0.056307	0.400007	0.141234
115.000000	8672.142857	0.122320	-0.199362	0.233896	-1.020468	0.014377	0.000847	0.014402	0.058844	0.396044	0.056299	0.400026	0.141208
116.000000	8677.142857	0.122321	-0.199363	0.233898	-1.020466	0.014372	0.000846	0.014396	0.058821	0.396037	0.056311	0.400020	0.141239
117.000000	8682.142857	0.122320	-0.199364	0.233898	-1.020472	0.014371	0.000846	0.014396	0.058814	0.396066	0.056319	0.400050	0.141249
118.000000	8687.142857	0.122325	-0.199371	0.233906	-1.020471	0.014371	0.000847	0.014396	0.058837	0.396092	0.056323	0.400077	0.141249
119.000000	8692.142857	0.122335	-0.199391	0.233929	-1.020478	0.014372	0.000847	0.014397	0.058863	0.396101	0.056322	0.400085	0.141245
120.000000	8697.142857	0.122330	-0.199386	0.233922	-1.020486	0.014369	0.000846	0.014394	0.058790	0.396103	0.056306	0.400085	0.141205
121.000000	8702.142857	0.122317	-0.199381	0.233911	-1.020522	0.014369	0.000846	0.014394	0.058803	0.396123	0.056308	0.400105	0.141201
122.000000	8707.142857	0.122319	-0.199408	0.233935	-1.020574	0.014369	0.000846	0.014394	0.058800	0.396098	0.056296	0.400079	0.141180
123.000000	8712.142857	0.122304	-0.199417	0.233934	-1.020650	0.014365	0.000844	0.014390	0.058720	0.396096	0.056292	0.400076	0.141173
124.000000	8717.142857	0.122283	-0.199407	0.233915	-1.020704	0.014366	0.000844	0.014391	0.058663	0.396101	0.056277	0.400079	0.141132
125.000000	8722.142857	0.122278	-0.199420	0.233923	-1.020750	0.014370	0.000844	0.014395	0.058638	0.396124	0.056253	0.400098	0.141066
126.000000	8727.142857	0.122273	-0.199436	0.233935	-1.020804	0.014376	0.000844	0.014401	0.058667	0.396136	0.056245	0.400109	0.141042
127.000000	8732.142857	0.122270	-0.199445	0.233941	-1.020836	0.014374	0.000844	0.014398	0.058627	0.396121	0.056227	0.400091	0.141002
128.000000	8737.142857	0.122265	-0.199449	0.233941	-1.020863	0.014373	0.000843	0.014398	0.058610	0.396124	0.056219	0.400094	0.140982
129.000000	8742.142857	0.122267	-0.199466	0.233957	-1.020893	0.014372	0.000843	0.014396	0.058612	0.396117	0.056225	0.400088	0.140999
130.000000	8747.142857	0.122264	-0.199459	0.233950	-1.020891	0.014368	0.000842	0.014393	0.058559	0.396133	0.056222	0.400103	0.140985
131.000000	8752.142857	0.122251	-0.199454	0.233938	-1.020923	0.014369	0.000842	0.014393	0.058526	0.396134	0.056211	0.400102	0.140957
132.000000	8757.142857	0.122249	-0.199486	0.233965	-1.021004	0.014367	0.000841	0.014391	0.058464	0.396145	0.056198	0.400111	0.140923
133.000000	8762.142857	0.122250	-0.199491	0.233970	-1.021014	0.014364	0.000841	0.014389	0.058494	0.396143	0.056200	0.400109	0.140929
134.000000	8767.142857	0.122255	-0.199489	0.233971	-1.020988	0.014361	0.000842	0.014386	0.058540	0.396136	0.056202	0.400103	0.140935
135.000000	8772.142857	0.122256	-0.199488	0.233971	-1.020982	0.014364	0.000843	0.014388	0.058607	0.396149	0.056221	0.400118	0.140978
136.000000	8777.142857	0.122266	-0.199499	0.233985	-1.020971	0.014365	0.000844	0.014390	0.058665	0.396137	0.056227	0.400108	0.140998
137.000000	8782.142857	0.122276	-0.199500	0.233991	-1.020937	0.014366	0.000844	0.014391	0.058670	0.396130	0.056239	0.400102	0.141030
138.000000	8787.142857	0.122280	-0.199509	0.234001	-1.020941	0.014366	0.000844	0.014390	0.058678	0.396113	0.056249	0.400087	0.141059
139.000000	8792.142857	0.122282	-0.199511	0.234003	-1.020940	0.014367	0.000845	0.014392	0.058723	0.396127	0.056254	0.400102	0.141066
140.000000	8797.142857	0.122296	-0.199518	0.234016	-1.020905	0.014368	0.000845	0.014393	0.058771	0.396119	0.056260	0.400094	0.141083
141.000000	8802.142857	0.122290	-0.199510	0.234006	-1.020910	0.014369	0.000845	0.014393	0.058727	0.396189	0.056246	0.400162	0.141026
142.000000	8807.142857	0.122283	-0.199525	0.234015	-1.020966	0.014367	0.000845	0.014392	0.058736	0.396175	0.056244	0.400148	0.141025
143.000000	8812.142857	0.122278	-0.199537	0.234023	-1.021010	0.014366	0.000845	0.014391	0.058736	0.396176	0.056219	0.400145	0.140963
144.000000	8817.142857	0.122269	-0.199547	0.234027	-1.021065	0.014361	0.000843	0.014385	0.058669	0.396168	0.056196	0.400134	0.140908
145.000000	8822.142857	0.122273	-0.199561	0.234041	-1.021082	0.014359	0.000843	0.014384	0.058634	0.396191	0.056190	0.400156	0.140886
146.000000	8827.142857	0.122260	-0.199552	0.234027	-1.021111	0.014361	0.000843	0.014386	0.058644	0.396176	0.056173	0.400138	0.140849
147.000000	8832.142857	0.122261	-0.199580	0.234051	-1.021172	0.014361	0.000843	0.014386	0.058650	0.396188	0.056174	0.400150	0.140847
148.000000	8837.142857	0.122268	-0.199580	0.234054	-1.021144	0.014358	0.000843	0.014383	0.058664	0.396200	0.056183	0.400164	0.140865
149.000000	8842.142857	0.122278	-0.199566	0.234048	-1.021078	0.014358	0.000845	0.014383	0.058765	0.396211	0.056223	0.400180	0.140961
150.000000	8847.142857	0.122289	-0.199564	0.234052	-1.021032	0.014357	0.000845	0.014382	0.058824	0.396225	0.056250	0.400198	0.141024
151.000000	8852.142857	0.122304	-0.199584	0.234077	-1.021023	0.014356	0.000846	0.014381	0.058888	0.396210	0.056264	0.400185	0.141062
152.000000	8857.142857	0.122300	-0.199583	0.234075	-1.021034	0.014357	0.000847	0.014382	0.058941	0.396217	0.056270	0.400193	0.141075
153.000000	8862.142857	0.122301	-0.199592	0.234082	-1.021050	0.014358	0.000847	0.014383	0.058902	0.396224	0.056247	0.400197	0.141016
154.000000	8867.142857	0.122298	-0.199595	0.234083	-1.021067	0.014360	0.000847	0.014385	0.058886	0.396240	0.056233	0.400210	0.140974
155.000000	8872.142857	0.122295	-0.199595	0.234081	-1.021080	0.014359	0.000847	0.014384	0.058940	0.396264	0.056238	0.400235	0.140979
156.000000	8877.142857	0.122298	-0.199594	0.234082	-1.021066	0.014357	0.000848	0.014382	0.059015	0.396254	0.056254	0.400227	0.141023
157.000000	8882.142857	0.122309	-0.199598	0.234092	-1.021038	0.014357	0.000849	0.014383	0.059092	0.396254	0.056260	0.400228	0.141038
158.000000	8887.142857	0.122303	-0.199601	0.234090	-1.021064	0.014356	0.000851	0.014381	0.059176	0.396239	0.056274	0.400215	0.141076
159.000000	8892.142857	0.122313	-0.199615	0.234108	-1.021061	0.014356	0.000851	0.014381	0.059212	0.396266	0.056268	0.400241	0.141054
160.000000	8897.142857	0.122304	-0.199611	0.234100	-1.021083	0.014355	0.000851	0.014380	0.059197	0.396280	0.056261	0.400254	0.141031
161.000000	8902.142857	0.122297	-0.199626	0.234110	-1.021141	0.014356	0.000852	0.014382	0.059244	0.396306	0.056262	0.400280	0.141023
162.000000	8907.142857	0.122291	-0.199631	0.234110	-1.021173	0.014356	0.000851	0.014381	0.059235	0.396329	0.056242	0.400300	0.140965
163.000000	8912.142857	0.122296	-0.199650	0.234129	-1.021198	0.014353	0.000852	0.014378	0.059299	0.396325	0.056237	0.400295	0.140954
164.000000	8917.142857	0.122292	-0.199648	0.234125	-1.021206	0.014349	0.000853	0.014375	0.059350	0.396322	0.056239	0.400292	0.140962
165.000000	8922.142857	0.122287	-0.199635	0.234112	-1.021198	0.014349	0.000854	0.014374	0.059430	0.396313	0.056237	0.400283	0.140960
166.000000	8927.142857	0.122277	-0.199624	0.234097	-1.021211	0.014349	0.000855	0.014375	0.059507	0.396341	0.056245	0.400313	0.140970
167.000000	8932.142857	0.122279	-0.199638	0.234110	-1.021233	0.014349	0.000856	0.014375	0.059607	0.396346	0.056245	0.400317	0.140966
168.000000	8937.142857	0.122276	-0.199649	0.234118	-1.021267	0.014350	0.000858	0.014376	0.059725	0.396322	0.056237	0.400292	0.140955
169.000000	8942.142857	0.122288	-0.199667	0.234140	-1.021265	0.014349	0.000860	0.014374	0.059837	0.396313	0.056237	0.400284	0.140960
170.000000	8947.142857	0.122280	-0.199656	0.234126	-1.021269	0.014348	0.000861	0.014374	0.059965	0.396311	0.056238	0.400281	0.140962
171.000000	8952.142857	0.122272	-0.199666	0.234130	-1.021322	0.014347	0.000863	0.014373	0.060055	0.396301	0.056242	0.400272	0.140977
172.000000	8957.142857	0.122261	-0.199684	0.234140	-1.021401	0.014346	0.000864	0.014372	0.060124	0.396318	0.056234	0.400288	0.140950
173.000000	8962.142857	0.122245	-0.199695	0.234141	-1.021483	0.014345	0.000866	0.014371	0.060269	0.396320	0.056239	0.400291	0.140963
174.000000	8967.142857	0.122234	-0.199686	0.234128	-1.021505	0.014344	0.000867	0.014370	0.060400	0.396337	0.056245	0.400308	0.140970
175.000000	8972.142857	0.122222	-0.199691	0.234126	-1.021561	0.014345	0.000870	0.014371	0.060550	0.396376	0.056232	0.400345	0.140925
176.000000	8977.142857	0.122199	-0.199687	0.234110	-1.021634	0.014342	0.000872	0.014369	0.060749	0.396386	0.056232	0.400355	0.140922
177.000000	8982.142857	0.122191	-0.199697	0.234114	-1.021687	0.014342	0.000876	0.014368	0.060971	0.396405	0.056244	0.400375	0.140945
178.000000	8987.142857	0.122183	-0.199698	0.234111	-1.021718	0.014340	0.000879	0.014367	0.061187	0.396413	0.056232	0.400381	0.140912
179.000000	8992.142857	0.122163	-0.199700	0.234103	-1.021795	0.014338	0.000882	0.014365	0.061409	0.396408	0.056231	0.400376	0.140910
180.000000	8997.142857	0.122152	-0.199712	0.234106	-1.021860	0.014335	0.000886	0.014362	0.061733	0.396392	0.056236	0.400362	0.140928
181.000000	9002.142857	0.122140	-0.199716	0.234104	-1.021914	0.014336	0.000891	0.014363	0.062085	0.396427	0.056246	0.400397	0.140942
182.000000	9007.142857	0.122118	-0.199702	0.234081	-1.021964	0.014333	0.000897	0.014361	0.062538	0.396415	0.056250	0.400386	0.140957
183.000000	9012.142857	0.122099	-0.199689	0.234060	-1.022003	0.014328	0.000904	0.014357	0.062981	0.396377	0.056253	0.400348	0.140976
184.000000	9017.142857	0.122076	-0.199683	0.234043	-1.022072	0.014328	0.000912	0.014357	0.063531	0.396382	0.056251	0.400353	0.140971
185.000000	9022.142857	0.122053	-0.199676	0.234024	-1.022141	0.014327	0.000920	0.014356	0.064118	0.396355	0.056243	0.400326	0.140960
186.000000	9027.142857	0.122028	-0.199684	0.234018	-1.022252	0.014326	0.000930	0.014356	0.064820	0.396352	0.056230	0.400320	0.140928
187.000000	9032.142857	0.121986	-0.199647	0.233965	-1.022320	0.014324	0.000941	0.014355	0.065608	0.396339	0.056228	0.400308	0.140928
188.000000	9037.142857	0.121960	-0.199647	0.233951	-1.022417	0.014326	0.000954	0.014357	0.066503	0.396362	0.056224	0.400330	0.140911
189.000000	9042.142857	0.121918	-0.199604	0.233892	-1.022474	0.014330	0.000969	0.014362	0.067540	0.396321	0.056221	0.400289	0.140916
190.000000	9047.142857	0.121887	-0.199549	0.233830	-1.022463	0.014334	0.000987	0.014368	0.068744	0.396289	0.056230	0.400258	0.140949
191.000000	9052.142857	0.121851	-0.199496	0.233766	-1.022477	0.014346	0.001003	0.014381	0.069815	0.396308	0.056240	0.400279	0.140969
192.000000	9057.142857	0.121835	-0.199429	0.233700	-1.022386	0.014363	0.001020	0.014399	0.070896	0.396281	0.056251	0.400254	0.141004
193.000000	9062.142857	0.121841	-0.199331	0.233619	-1.022144	0.014381	0.001034	0.014418	0.071757	0.396302	0.056288	0.400280	0.141089
194.000000	9067.142857	0.121871	-0.199239	0.233557	-1.021831	0.014405	0.001043	0.014443	0.072285	0.396279	0.056319	0.400261	0.141175
195.000000	9072.142857	0.121926	-0.199158	0.233516	-1.021452	0.014431	0.001046	0.014469	0.072387	0.396268	0.056371	0.400257	0.141308
196.000000	9077.142857	0.122007	-0.199091	0.233501	-1.021001	0.014460	0.001042	0.014497	0.071944	0.396285	0.056419	0.400281	0.141418
197.000000	9082.142857	0.122105	-0.199047	0.233516	-1.020546	0.014485	0.001031	0.014521	0.071070	0.396289	0.056472	0.400293	0.141549
198.000000	9087.142857	0.122200	-0.199005	0.233529	-1.020107	0.014504	0.001014	0.014539	0.069786	0.396294	0.056505	0.400302	0.141630
199.000000	9092.142857	0.122299	-0.199014	0.233588	-1.019764	0.014519	0.000995	0.014553	0.068398	0.396339	0.056516	0.400348	0.141640
200.000000	9097.142857	0.122366	-0.199034	0.233641	-1.019565	0.014524	0.000976	0.014557	0.067095	0.396373	0.056535	0.400385	0.141675
201.000000	9102.142857	0.122424	-0.199073	0.233704	-1.019444	0.014524	0.000959	0.014556	0.065947	0.396390	0.056554	0.400404	0.141716
202.000000	9107.142857	0.122481	-0.199119	0.233774	-1.019337	0.014525	0.000944	0.014555	0.064916	0.396414	0.056564	0.400429	0.141734
203.000000	9112.142857	0.122508	-0.199154	0.233818	-1.019317	0.014523	0.000930	0.014553	0.063979	0.396485	0.056567	0.400500	0.141714
204.000000	9117.142857	0.122538	-0.199208	0.233879	-1.019327	0.014518	0.000919	0.014548	0.063225	0.396493	0.056550	0.400505	0.141669
205.000000	9122.142857	0.122558	-0.199245	0.233921	-1.019340	0.014514	0.000910	0.014543	0.062595	0.396488	0.056541	0.400499	0.141650
206.000000	9127.142857	0.122571	-0.199274	0.233952	-1.019357	0.014513	0.000903	0.014541	0.062157	0.396505	0.056542	0.400516	0.141645
207.000000	9132.142857	0.122589	-0.199326	0.234006	-1.019409	0.014513	0.000898	0.014541	0.061779	0.396498	0.056533	0.400507	0.141625
208.000000	9137.142857	0.122598	-0.199337	0.234020	-1.019400	0.014509	0.000893	0.014536	0.061467	0.396501	0.056520	0.400509	0.141593
209.000000	9142.142857	0.122621	-0.199354	0.234047	-1.019355	0.014505	0.000890	0.014532	0.061279	0.396505	0.056525	0.400514	0.141603
210.000000	9147.142857	0.122630	-0.199376	0.234071	-1.019370	0.014503	0.000887	0.014530	0.061071	0.396507	0.056519	0.400515	0.141589
211.000000	9152.142857	0.122643	-0.199413	0.234108	-1.019407	0.014502	0.000884	0.014529	0.060899	0.396535	0.056509	0.400541	0.141553
212.000000	9157.142857	0.122657	-0.199433	0.234133	-1.019401	0.014499	0.000883	0.014526	0.060822	0.396511	0.056535	0.400521	0.141627
213.000000	9162.142857	0.122657	-0.199439	0.234138	-1.019413	0.014497	0.000882	0.014524	0.060757	0.396504	0.056553	0.400517	0.141674
214.000000	9167.142857	0.122654	-0.199462	0.234156	-1.019478	0.014498	0.000880	0.014525	0.060595	0.396523	0.056528	0.400533	0.141605
215.000000	9172.142857	0.122633	-0.199462	0.234145	-1.019551	0.014495	0.000878	0.014522	0.060483	0.396520	0.056521	0.400528	0.141588
216.000000	9177.142857	0.122622	-0.199478	0.234153	-1.019626	0.014494	0.000876	0.014521	0.060348	0.396529	0.056506	0.400535	0.141549
217.000000	9182.142857	0.122625	-0.199500	0.234174	-1.019665	0.014496	0.000874	0.014522	0.060254	0.396559	0.056501	0.400564	0.141526
218.000000	9187.142857	0.122626	-0.199509	0.234182	-1.019685	0.014495	0.000874	0.014522	0.060249	0.396525	0.056499	0.400530	0.141532
219.000000	9192.142857	0.122632	-0.199529	0.234202	-1.019706	0.014496	0.000873	0.014522	0.060179	0.396526	0.056489	0.400529	0.141506
220.000000	9197.142857	0.122625	-0.199543	0.234210	-1.019763	0.014493	0.000872	0.014519	0.060089	0.396549	0.056482	0.400551	0.141482
221.000000	9202.142857	0.122616	-0.199544	0.234207	-1.019796	0.014489	0.000870	0.014515	0.059956	0.396579	0.056474	0.400580	0.141453
222.000000	9207.142857	0.122612	-0.199553	0.234212	-1.019832	0.014486	0.000869	0.014512	0.059896	0.396551	0.056462	0.400551	0.141433
223.000000	9212.142857	0.122607	-0.199569	0.234223	-1.019887	0.014487	0.000868	0.014512	0.059833	0.396557	0.056455	0.400555	0.141414
224.000000	9217.142857	0.122602	-0.199559	0.234212	-1.019884	0.014486	0.000868	0.014512	0.059835	0.396539	0.056453	0.400537	0.141414
225.000000	9222.142857	0.122607	-0.199578	0.234230	-1.019908	0.014486	0.000866	0.014512	0.059741	0.396558	0.056435	0.400553	0.141364
226.000000	9227.142857	0.122606	-0.199592	0.234241	-1.019941	0.014486	0.000866	0.014512	0.059724	0.396585	0.056445	0.400582	0.141378
227.000000	9232.142857	0.122609	-0.199596	0.234246	-1.019937	0.014485	0.000866	0.014511	0.059726	0.396581	0.056453	0.400579	0.141399
228.000000	9237.142857	0.122618	-0.199599	0.234254	-1.019914	0.014488	0.000867	0.014513	0.059772	0.396615	0.056475	0.400615	0.141443
229.000000	9242.142857	0.122619	-0.199593	0.234249	-1.019898	0.014487	0.000867	0.014513	0.059793	0.396616	0.056498	0.400619	0.141498
230.000000	9247.142857	0.122636	-0.199604	0.234268	-1.019860	0.014485	0.000868	0.014511	0.059818	0.396604	0.056511	0.400610	0.141535
231.000000	9252.142857	0.122645	-0.199596	0.234266	-1.019808	0.014485	0.000868	0.014511	0.059818	0.396622	0.056517	0.400628	0.141543
232.000000	9257.142857	0.122646	-0.199587	0.234258	-1.019785	0.014484	0.000868	0.014510	0.059843	0.396600	0.056522	0.400608	0.141564
233.000000	9262.142857	0.122662	-0.199617	0.234293	-1.019794	0.014481	0.000867	0.014507	0.059808	0.396607	0.056520	0.400614	0.141557
234.000000	9267.142857	0.122657	-0.199614	0.234287	-1.019804	0.014481	0.000867	0.014507	0.059794	0.396638	0.056534	0.400646	0.141580
235.000000	9272.142857	0.122658	-0.199618	0.234292	-1.019811	0.014482	0.000867	0.014508	0.059795	0.396633	0.056526	0.400641	0.141561
236.000000	9277.142857	0.122658	-0.199631	0.234302	-1.019837	0.014481	0.000867	0.014507	0.059781	0.396634	0.056521	0.400641	0.141549
237.000000	9282.142857	0.122665	-0.199649	0.234321	-1.019856	0.014478	0.000866	0.014504	0.059733	0.396638	0.056519	0.400645	0.141543
238.000000	9287.142857	0.122655	-0.199648	0.234315	-1.019887	0.014478	0.000865	0.014504	0.059651	0.396670	0.056512	0.400675	0.141514
239.000000	9292.142857	0.122646	-0.199635	0.234300	-1.019890	0.014478	0.000864	0.014504	0.059611	0.396667	0.056507	0.400672	0.141502
240.000000	9297.142857	0.122655	-0.199655	0.234321	-1.019901	0.014481	0.000864	0.014507	0.059606	0.396682	0.056516	0.400687	0.141520
241.000000	9302.142857	0.122645	-0.199656	0.234317	-1.019942	0.014479	0.000863	0.014505	0.059537	0.396697	0.056519	0.400703	0.141522
242.000000	9307.142857	0.122642	-0.199666	0.234323	-1.019976	0.014479	0.000863	0.014504	0.059566	0.396698	0.056528	0.400705	0.141543
243.000000	9312.142857	0.122646	-0.199648	0.234310	-1.019921	0.014478	0.000863	0.014504	0.059559	0.396701	0.056529	0.400709	0.141545
244.000000	9317.142857	0.122643	-0.199653	0.234313	-1.019944	0.014478	0.000864	0.014504	0.059586	0.396677	0.056530	0.400685	0.141555
245.000000	9322.142857	0.122643	-0.199679	0.234335	-1.020000	0.014477	0.000863	0.014502	0.059546	0.396700	0.056525	0.400706	0.141535
246.000000	9327.142857	0.122655	-0.199688	0.234349	-1.019978	0.014479	0.000863	0.014505	0.059512	0.396719	0.056519	0.400725	0.141515
247.000000	9332.142857	0.122655	-0.199687	0.234348	-1.019973	0.014480	0.000862	0.014506	0.059470	0.396748	0.056506	0.400751	0.141471
248.000000	9337.142857	0.122649	-0.199680	0.234340	-1.019982	0.014479	0.000862	0.014505	0.059469	0.396757	0.056504	0.400761	0.141464
249.000000	9342.142857	0.122649	-0.199695	0.234352	-1.020015	0.014477	0.000862	0.014502	0.059471	0.396754	0.056507	0.400758	0.141472
250.000000	9347.142857	0.122657	-0.199696	0.234357	-1.019989	0.014477	0.000862	0.014502	0.059491	0.396748	0.056509	0.400752	0.141478
251.000000	9352.142857	0.122654	-0.199698	0.234357	-1.020004	0.014475	0.000862	0.014500	0.059493	0.396739	0.056517	0.400744	0.141502
252.000000	9357.142857	0.122643	-0.199686	0.234341	-1.020014	0.014471	0.000862	0.014497	0.059465	0.396747	0.056512	0.400751	0.141488
253.000000	9362.142857	0.122651	-0.199697	0.234355	-1.020009	0.014471	0.000862	0.014497	0.059498	0.396745	0.056541	0.400754	0.141559
254.000000	9367.142857	0.122658	-0.199712	0.234371	-1.020020	0.014474	0.000863	0.014500	0.059539	0.396745	0.056551	0.400755	0.141584
255.000000	9372.142857	0.122665	-0.199725	0.234386	-1.020023	0.014477	0.000863	0.014502	0.059517	0.396747	0.056539	0.400756	0.141552
256.000000	9377.142857	0.122661	-0.199698	0.234361	-1.019977	0.014477	0.000863	0.014503	0.059567	0.396745	0.056555	0.400756	0.141593
257.000000	9382.142857	0.122670	-0.199704	0.234370	-1.019958	0.014478	0.000864	0.014504	0.059615	0.396738	0.056566	0.400750	0.141622
258.000000	9387.142857	0.122669	-0.199711	0.234376	-1.019977	0.014479	0.000864	0.014505	0.059607	0.396763	0.056571	0.400776	0.141627
259.000000	9392.142857	0.122675	-0.199732	0.234397	-1.020003	0.014476	0.000864	0.014502	0.059589	0.396755	0.056586	0.400770	0.141666
260.000000	9397.142857	0.122674	-0.199730	0.234395	-1.020002	0.014476	0.000864	0.014502	0.059603	0.396762	0.056591	0.400778	0.141677
261.000000	9402.142857	0.122684	-0.199737	0.234406	-1.019983	0.014477	0.000864	0.014503	0.059629	0.396772	0.056603	0.400789	0.141703
262.000000	9407.142857	0.122678	-0.199757	0.234420	-1.020047	0.014479	0.000864	0.014505	0.059576	0.396781	0.056586	0.400795	0.141657
263.000000	9412.142857	0.122680	-0.199761	0.234424	-1.020049	0.014478	0.000863	0.014504	0.059566	0.396788	0.056585	0.400802	0.141654
264.000000	9417.142857	0.122690	-0.199762	0.234431	-1.020015	0.014478	0.000864	0.014504	0.059621	0.396762	0.056585	0.400776	0.141661
265.000000	9422.142857	0.122692	-0.199753	0.234424	-1.019989	0.014478	0.000864	0.014504	0.059625	0.396767	0.056588	0.400783	0.141668
266.000000	9427.142857	0.122697	-0.199760	0.234433	-1.019984	0.014478	0.000864	0.014504	0.059628	0.396767	0.056588	0.400782	0.141667
267.000000	9432.142857	0.122696	-0.199752	0.234425	-1.019973	0.014477	0.000864	0.014503	0.059619	0.396788	0.056602	0.400804	0.141694
268.000000	9437.142857	0.122702	-0.199770	0.234444	-1.019988	0.014478	0.000865	0.014504	0.059642	0.396793	0.056604	0.400810	0.141697
269.000000	9442.142857	0.122703	-0.199777	0.234450	-1.020000	0.014480	0.000864	0.014506	0.059609	0.396807	0.056598	0.400823	0.141679
270.000000	9447.142857	0.122708	-0.199782	0.234457	-1.019994	0.014478	0.000864	0.014504	0.059620	0.396827	0.056618	0.400846	0.141719
271.000000	9452.142857	0.122701	-0.199795	0.234464	-1.020049	0.014479	0.000864	0.014505	0.059581	0.396816	0.056602	0.400832	0.141686
272.000000	9457.142857	0.122698	-0.199805	0.234471	-1.020080	0.014480	0.000863	0.014506	0.059535	0.396819	0.056583	0.400833	0.141637
273.000000	9462.142857	0.122700	-0.199809	0.234476	-1.020084	0.014483	0.000863	0.014509	0.059501	0.396849	0.056570	0.400860	0.141594
274.000000	9467.142857	0.122704	-0.199810	0.234479	-1.020069	0.014481	0.000863	0.014507	0.059509	0.396857	0.056584	0.400871	0.141626
275.000000	9472.142857	0.122711	-0.199824	0.234495	-1.020076	0.014482	0.000863	0.014508	0.059543	0.396832	0.056583	0.400846	0.141631
276.000000	9477.142857	0.122716	-0.199814	0.234488	-1.020037	0.014481	0.000864	0.014506	0.059565	0.396815	0.056582	0.400829	0.141635
277.000000	9482.142857	0.122713	-0.199817	0.234489	-1.020054	0.014480	0.000863	0.014505	0.059526	0.396805	0.056569	0.400817	0.141606
278.000000	9487.142857	0.122704	-0.199819	0.234487	-1.020092	0.014482	0.000863	0.014508	0.059520	0.396801	0.056562	0.400812	0.141590
279.000000	9492.142857	0.122693	-0.199811	0.234474	-1.020116	0.014483	0.000862	0.014509	0.059475	0.396814	0.056544	0.400822	0.141541
280.000000	9497.142857	0.122678	-0.199812	0.234467	-1.020171	0.014479	0.000861	0.014504	0.059400	0.396816	0.056535	0.400824	0.141520
281.000000	9502.142857	0.122689	-0.199831	0.234489	-1.020175	0.014479	0.000861	0.014505	0.059404	0.396844	0.056551	0.400853	0.141549
282.000000	9507.142857	0.122688	-0.199842	0.234498	-1.020202	0.014481	0.000861	0.014506	0.059409	0.396857	0.056557	0.400867	0.141558
283.000000	9512.142857	0.122683	-0.199837	0.234490	-1.020209	0.014479	0.000861	0.014505	0.059384	0.396851	0.056553	0.400860	0.141552
284.000000	9517.142857	0.122696	-0.199855	0.234513	-1.020201	0.014478	0.000861	0.014504	0.059418	0.396858	0.056564	0.400869	0.141577
285.000000	9522.142857	0.122686	-0.199844	0.234499	-1.020211	0.014479	0.000860	0.014504	0.059358	0.396865	0.056548	0.400874	0.141534
286.000000	9527.142857	0.122689	-0.199842	0.234498	-1.020197	0.014478	0.000860	0.014503	0.059345	0.396863	0.056533	0.400869	0.141499
287.000000	9532.142857	0.122679	-0.199845	0.234495	-1.020240	0.014479	0.000860	0.014505	0.059359	0.396845	0.056529	0.400851	0.141495
288.000000	9537.142857	0.122672	-0.199851	0.234497	-1.020278	0.014482	0.000860	0.014508	0.059307	0.396842	0.056510	0.400846	0.141448
289.000000	9542.142857	0.122672	-0.199859	0.234503	-1.020298	0.014481	0.000860	0.014506	0.059325	0.396817	0.056513	0.400821	0.141464
290.000000	9547.142857	0.122675	-0.199863	0.234508	-1.020295	0.014483	0.000860	0.014508	0.059316	0.396858	0.056513	0.400861	0.141450
291.000000	9552.142857	0.122683	-0.199864	0.234514	-1.020265	0.014483	0.000861	0.014509	0.059347	0.396867	0.056522	0.400872	0.141468
292.000000	9557.142857	0.122691	-0.199857	0.234512	-1.020221	0.014483	0.000861	0.014509	0.059369	0.396852	0.056528	0.400857	0.141490
293.000000	9562.142857	0.122696	-0.199850	0.234508	-1.020189	0.014482	0.000861	0.014507	0.059366	0.396903	0.056527	0.400908	0.141468
294.000000	9567.142857	0.122693	-0.199850	0.234507	-1.020200	0.014480	0.000861	0.014506	0.059362	0.396880	0.056539	0.400887	0.141507
295.000000	9572.142857	0.122692	-0.199857	0.234512	-1.020219	0.014478	0.000860	0.014504	0.059338	0.396867	0.056535	0.400874	0.141502
296.000000	9577.142857	0.122680	-0.199866	0.234514	-1.020284	0.014480	0.000860	0.014506	0.059326	0.396863	0.056523	0.400868	0.141474
297.000000	9582.142857	0.122674	-0.199879	0.234522	-1.020335	0.014482	0.000860	0.014507	0.059301	0.396895	0.056516	0.400898	0.141444
298.000000	9587.142857	0.122688	-0.199879	0.234529	-1.020285	0.014484	0.000860	0.014509	0.059299	0.396919	0.056519	0.400923	0.141443
299.000000	9592.142857	0.122700	-0.199878	0.234534	-1.020237	0.014484	0.000861	0.014510	0.059343	0.396919	0.056541	0.400925	0.141498
300.000000	9597.142857	0.122699	-0.199893	0.234547	-1.020274	0.014486	0.000861	0.014511	0.059357	0.396916	0.056546	0.400923	0.141511
301.000000	9602.142857	0.122698	-0.199904	0.234556	-1.020305	0.014488	0.000860	0.014513	0.059322	0.396932	0.056538	0.400939	0.141485
302.000000	9607.142857	0.122691	-0.199910	0.234557	-1.020343	0.014489	0.000860	0.014515	0.059283	0.396925	0.056520	0.400929	0.141443
303.000000	9612.142857	0.122701	-0.199927	0.234577	-1.020341	0.014493	0.000859	0.014518	0.059223	0.396961	0.056498	0.400961	0.141377
304.000000	9617.142857	0.122687	-0.199922	0.234565	-1.020385	0.014491	0.000859	0.014517	0.059202	0.396945	0.056480	0.400943	0.141337
305.000000	9622.142857	0.122679	-0.199922	0.234561	-1.020412	0.014492	0.000859	0.014518	0.059230	0.396894	0.056471	0.400891	0.141333
306.000000	9627.142857	0.122688	-0.199937	0.234578	-1.020413	0.014496	0.000860	0.014521	0.059274	0.396916	0.056481	0.400914	0.141351
307.000000	9632.142857	0.122679	-0.199938	0.234575	-1.020446	0.014497	0.000861	0.014523	0.059286	0.396931	0.056483	0.400930	0.141349
308.000000	9637.142857	0.122682	-0.199937	0.234576	-1.020433	0.014499	0.000861	0.014524	0.059326	0.396897	0.056487	0.400897	0.141372
309.000000	9642.142857	0.122689	-0.199950	0.234590	-1.020439	0.014499	0.000861	0.014525	0.059282	0.396929	0.056479	0.400927	0.141341
310.000000	9647.142857	0.122685	-0.199953	0.234591	-1.020461	0.014498	0.000860	0.014524	0.059265	0.396956	0.056476	0.400953	0.141325
311.000000	9652.142857	0.122684	-0.199958	0.234594	-1.020474	0.014496	0.000860	0.014522	0.059229	0.396926	0.056465	0.400922	0.141307
312.000000	9657.142857	0.122681	-0.199955	0.234590	-1.020479	0.014496	0.000859	0.014521	0.059183	0.396971	0.056453	0.400965	0.141262
313.000000	9662.142857	0.122682	-0.199966	0.234600	-1.020497	0.014496	0.000859	0.014521	0.059172	0.396972	0.056458	0.400967	0.141275
314.000000	9667.142857	0.122683	-0.199967	0.234602	-1.020498	0.014496	0.000858	0.014521	0.059121	0.396982	0.056445	0.400975	0.141238
315.000000	9672.142857	0.122678	-0.199965	0.234598	-1.020511	0.014498	0.000858	0.014523	0.059123	0.396996	0.056431	0.400986	0.141199
316.000000	9677.142857	0.122675	-0.199968	0.234598	-1.020529	0.014496	0.000858	0.014522	0.059092	0.396975	0.056419	0.400964	0.141176
317.000000	9682.142857	0.122673	-0.199971	0.234600	-1.020545	0.014498	0.000857	0.014523	0.059077	0.396986	0.056417	0.400975	0.141167
318.000000	9687.142857	0.122675	-0.199975	0.234604	-1.020543	0.014498	0.000857	0.014523	0.059055	0.396984	0.056410	0.400972	0.141153
319.000000	9692.142857	0.122678	-0.199976	0.234607	-1.020538	0.014497	0.000857	0.014522	0.059076	0.396999	0.056419	0.400988	0.141170
320.000000	9697.142857	0.122683	-0.199969	0.234603	-1.020503	0.014503	0.000858	0.014528	0.059113	0.397021	0.056414	0.401009	0.141149
321.000000	9702.142857	0.122683	-0.199988	0.234620	-1.020546	0.014504	0.000858	0.014530	0.059098	0.397032	0.056409	0.401019	0.141131
322.000000	9707.142857	0.122683	-0.199987	0.234618	-1.020543	0.014505	0.000858	0.014530	0.059076	0.397057	0.056399	0.401043	0.141099
323.000000	9712.142857	0.122687	-0.199994	0.234626	-1.020545	0.014505	0.000859	0.014531	0.059140	0.397027	0.056413	0.401015	0.141145
324.000000	9717.142857	0.122689	-0.199995	0.234629	-1.020538	0.014505	0.000859	0.014531	0.059130	0.397026	0.056412	0.401014	0.141142
325.000000	9722.142857	0.122693	-0.199978	0.234617	-1.020486	0.014502	0.000859	0.014527	0.059159	0.396999	0.056429	0.400990	0.141194
326.000000	9727.142857	0.122698	-0.199987	0.234626	-1.020487	0.014504	0.000859	0.014529	0.059173	0.397017	0.056433	0.401008	0.141197
327.000000	9732.142857	0.122703	-0.199993	0.234634	-1.020484	0.014504	0.000859	0.014529	0.059176	0.397051	0.056435	0.401041	0.141189
328.000000	9737.142857	0.122702	-0.199990	0.234631	-1.020481	0.014503	0.000860	0.014528	0.059199	0.397050	0.056448	0.401043	0.141223
329.000000	9742.142857	0.122708	-0.199996	0.234639	-1.020470	0.014502	0.000860	0.014527	0.059230	0.397040	0.056464	0.401034	0.141266
330.000000	9747.142857	0.122706	-0.199994	0.234637	-1.020472	0.014503	0.000860	0.014528	0.059208	0.397044	0.056459	0.401038	0.141251
331.000000	9752.142857	0.122710	-0.199991	0.234637	-1.020452	0.014504	0.000860	0.014529	0.059193	0.397070	0.056447	0.401063	0.141213
332.000000	9757.142857	0.122706	-0.199996	0.234638	-1.020477	0.014505	0.000859	0.014530	0.059128	0.397079	0.056440	0.401070	0.141192
333.000000	9762.142857	0.122705	-0.200004	0.234645	-1.020501	0.014505	0.000859	0.014530	0.059149	0.397131	0.056459	0.401124	0.141222
334.000000	9767.142857	0.122699	-0.199994	0.234633	-1.020499	0.014503	0.000858	0.014529	0.059104	0.397124	0.056456	0.401117	0.141216
335.000000	9772.142857	0.122708	-0.200020	0.234660	-1.020523	0.014503	0.000858	0.014528	0.059108	0.397104	0.056449	0.401096	0.141206
336.000000	9777.142857	0.122703	-0.200023	0.234660	-1.020548	0.014502	0.000857	0.014527	0.059044	0.397138	0.056438	0.401128	0.141166
337.000000	9782.142857	0.122701	-0.200041	0.234674	-1.020597	0.014502	0.000858	0.014528	0.059084	0.397127	0.056444	0.401118	0.141186
338.000000	9787.142857	0.122703	-0.200021	0.234658	-1.020547	0.014502	0.000858	0.014527	0.059062	0.397143	0.056448	0.401135	0.141190
339.000000	9792.142857	0.122699	-0.200020	0.234655	-1.020557	0.014499	0.000857	0.014524	0.059071	0.397125	0.056457	0.401118	0.141218
340.000000	9797.142857	0.122711	-0.200026	0.234667	-1.020526	0.014501	0.000859	0.014527	0.059160	0.397130	0.056482	0.401127	0.141277
341.000000	9802.142857	0.122735	-0.200036	0.234687	-1.020464	0.014504	0.000861	0.014529	0.059272	0.397119	0.056513	0.401120	0.141357
342.000000	9807.142857	0.122745	-0.200019	0.234678	-1.020387	0.014505	0.000862	0.014530	0.059371	0.397105	0.056545	0.401111	0.141443
343.000000	9812.142857	0.122746	-0.200010	0.234671	-1.020365	0.014505	0.000863	0.014531	0.059423	0.397113	0.056568	0.401121	0.141496
344.000000	9817.142857	0.122767	-0.200011	0.234683	-1.020289	0.014508	0.000865	0.014534	0.059520	0.397110	0.056581	0.401121	0.141530
345.000000	9822.142857	0.122795	-0.200010	0.234697	-1.020187	0.014507	0.000865	0.014532	0.059590	0.397114	0.056604	0.401127	0.141586
346.000000	9827.142857	0.122799	-0.200008	0.234697	-1.020166	0.014508	0.000866	0.014534	0.059600	0.397132	0.056600	0.401145	0.141568
347.000000	9832.142857	0.122802	-0.200003	0.234695	-1.020148	0.014508	0.000866	0.014534	0.059641	0.397141	0.056610	0.401155	0.141589
348.000000	9837.142857	0.122787	-0.200005	0.234688	-1.020206	0.014508	0.000866	0.014534	0.059634	0.397091	0.056595	0.401103	0.141571
349.000000	9842.142857	0.122804	-0.200023	0.234712	-1.020183	0.014507	0.000866	0.014533	0.059592	0.397097	0.056581	0.401108	0.141534
350.000000	9847.142857	0.122809	-0.200039	0.234729	-1.020202	0.014509	0.000865	0.014535	0.059580	0.397113	0.056584	0.401124	0.141535
351.000000	9852.142857	0.122806	-0.200028	0.234718	-1.020188	0.014511	0.000865	0.014537	0.059566	0.397134	0.056575	0.401143	0.141506
352.000000	9857.142857	0.122812	-0.200031	0.234724	-1.020173	0.014513	0.000866	0.014539	0.059586	0.397138	0.056573	0.401148	0.141499
353.000000	9862.142857	0.122815	-0.200031	0.234725	-1.020162	0.014513	0.000866	0.014539	0.059581	0.397158	0.056567	0.401167	0.141479
354.000000	9867.142857	0.122820	-0.200032	0.234729	-1.020145	0.014512	0.000866	0.014538	0.059581	0.397173	0.056571	0.401181	0.141482
355.000000	9872.142857	0.122821	-0.200040	0.234736	-1.020156	0.014513	0.000866	0.014539	0.059624	0.397183	0.056574	0.401192	0.141487
356.000000	9877.142857	0.122826	-0.200045	0.234743	-1.020151	0.014512	0.000866	0.014538	0.059605	0.397162	0.056578	0.401172	0.141502
357.000000	9882.142857	0.122838	-0.200059	0.234762	-1.020140	0.014511	0.000866	0.014537	0.059623	0.397178	0.056589	0.401189	0.141526
358.000000	9887.142857	0.122831	-0.200042	0.234743	-1.020126	0.014509	0.000866	0.014535	0.059618	0.397156	0.056583	0.401166	0.141519
359.000000	9892.142857	0.122839	-0.200053	0.234757	-1.020123	0.014511	0.000867	0.014537	0.059663	0.397167	0.056596	0.401179	0.141546
360.000000	9897.142857	0.122848	-0.200045	0.234754	-1.020072	0.014514	0.000868	0.014540	0.059739	0.397182	0.056623	0.401197	0.141608
361.000000	9902.142857	0.122856	-0.200055	0.234767	-1.020068	0.014514	0.000869	0.014540	0.059800	0.397168	0.056640	0.401186	0.141655
362.000000	9907.142857	0.122866	-0.200056	0.234773	-1.020030	0.014516	0.000870	0.014542	0.059852	0.397197	0.056665	0.401218	0.141706
363.000000	9912.142857	0.122872	-0.200053	0.234774	-1.020004	0.014517	0.000871	0.014543	0.059896	0.397184	0.056678	0.401208	0.141742
364.000000	9917.142857	0.122873	-0.200052	0.234774	-1.019997	0.014516	0.000871	0.014542	0.059919	0.397180	0.056683	0.401204	0.141756
365.000000	9922.142857	0.122880	-0.200037	0.234764	-1.019939	0.014516	0.000870	0.014542	0.059894	0.397226	0.056688	0.401251	0.141752
366.000000	9927.142857	0.122897	-0.200046	0.234781	-1.019898	0.014515	0.000871	0.014541	0.059947	0.397200	0.056696	0.401226	0.141782
367.000000	9932.142857	0.122911	-0.200074	0.234812	-1.019911	0.014517	0.000872	0.014543	0.059972	0.397188	0.056709	0.401216	0.141817
368.000000	9937.142857	0.122912	-0.200070	0.234809	-1.019895	0.014517	0.000872	0.014543	0.059988	0.397201	0.056718	0.401230	0.141834
369.000000	9942.142857	0.122922	-0.200072	0.234816	-1.019863	0.014517	0.000872	0.014544	0.059992	0.397224	0.056723	0.401253	0.141841
370.000000	9947.142857	0.122927	-0.200060	0.234809	-1.019821	0.014517	0.000873	0.014543	0.060093	0.397206	0.056753	0.401240	0.141921
371.000000	9952.142857	0.122945	-0.200052	0.234811	-1.019737	0.014518	0.000874	0.014545	0.060160	0.397222	0.056774	0.401259	0.141966
372.000000	9957.142857	0.122960	-0.200067	0.234832	-1.019715	0.014521	0.000875	0.014547	0.060201	0.397225	0.056794	0.401265	0.142015
373.000000	9962.142857	0.122966	-0.200063	0.234831	-1.019686	0.014519	0.000876	0.014545	0.060262	0.397190	0.056817	0.401234	0.142084
374.000000	9967.142857	0.122982	-0.200062	0.234839	-1.019626	0.014520	0.000876	0.014546	0.060246	0.397200	0.056815	0.401243	0.142075
375.000000	9972.142857	0.122986	-0.200063	0.234842	-1.019610	0.014519	0.000876	0.014546	0.060237	0.397206	0.056821	0.401249	0.142088
376.000000	9977.142857	0.122996	-0.200061	0.234845	-1.019572	0.014518	0.000876	0.014544	0.060280	0.397220	0.056821	0.401264	0.142082
377.000000	9982.142857	0.122991	-0.200057	0.234840	-1.019579	0.014519	0.000877	0.014546	0.060303	0.397225	0.056825	0.401269	0.142092
378.000000	9987.142857	0.122999	-0.200052	0.234840	-1.019539	0.014521	0.000877	0.014547	0.060331	0.397227	0.056824	0.401271	0.142089
379.000000	9992.142857	0.123006	-0.200053	0.234844	-1.019519	0.014521	0.000877	0.014547	0.060347	0.397220	0.056831	0.401265	0.142108
380.000000	9997.142857	0.123006	-0.200069	0.234857	-1.019552	0.014523	0.000877	0.014549	0.060317	0.397249	0.056813	0.401291	0.142053
381.000000	10002.142857	0.123005	-0.200091	0.234876	-1.019604	0.014522	0.000876	0.014549	0.060263	0.397230	0.056794	0.401269	0.142013
382.000000	10007.142857	0.122994	-0.200088	0.234867	-1.019636	0.014523	0.000875	0.014549	0.060182	0.397240	0.056773	0.401277	0.141956
383.000000	10012.142857	0.122988	-0.200086	0.234862	-1.019656	0.014522	0.000874	0.014549	0.060122	0.397246	0.056760	0.401280	0.141923
384.000000	10017.142857	0.122979	-0.200083	0.234856	-1.019682	0.014521	0.000874	0.014548	0.060138	0.397272	0.056771	0.401308	0.141941
385.000000	10022.142857	0.122986	-0.200082	0.234858	-1.019653	0.014519	0.000875	0.014545	0.060167	0.397266	0.056795	0.401305	0.142003
386.000000	10027.142857	0.122991	-0.200089	0.234867	-1.019652	0.014518	0.000875	0.014544	0.060227	0.397241	0.056807	0.401282	0.142041
387.000000	10032.142857	0.122991	-0.200084	0.234862	-1.019641	0.014519	0.000876	0.014546	0.060256	0.397253	0.056821	0.401296	0.142071
388.000000	10037.142857	0.123000	-0.200106	0.234886	-1.019657	0.014519	0.000876	0.014545	0.060240	0.397247	0.056815	0.401289	0.142060
389.000000	10042.142857	0.122992	-0.200104	0.234881	-1.019681	0.014521	0.000876	0.014547	0.060281	0.397256	0.056832	0.401301	0.142097
390.000000	10047.142857	0.122999	-0.200118	0.234896	-1.019687	0.014522	0.000877	0.014548	0.060287	0.397232	0.056833	0.401277	0.142108
391.000000	10052.142857	0.122996	-0.200112	0.234889	-1.019684	0.014522	0.000876	0.014548	0.060279	0.397250	0.056838	0.401296	0.142114
392.000000	10057.142857	0.123003	-0.200119	0.234899	-1.019676	0.014522	0.000876	0.014548	0.060280	0.397233	0.056830	0.401278	0.142099
393.000000	10062.142857	0.122998	-0.200122	0.234899	-1.019698	0.014523	0.000877	0.014549	0.060282	0.397228	0.056828	0.401272	0.142097
394.000000	10067.142857	0.122991	-0.200133	0.234905	-1.019749	0.014521	0.000875	0.014548	0.060198	0.397265	0.056818	0.401308	0.142061
395.000000	10072.142857	0.122987	-0.200141	0.234909	-1.019780	0.014522	0.000874	0.014549	0.060122	0.397295	0.056791	0.401334	0.141982
396.000000	10077.142857	0.122979	-0.200136	0.234901	-1.019801	0.014522	0.000873	0.014548	0.060063	0.397317	0.056783	0.401354	0.141954
397.000000	10082.142857	0.122967	-0.200155	0.234911	-1.019885	0.014522	0.000873	0.014548	0.060053	0.397308	0.056773	0.401344	0.141934
398.000000	10087.142857	0.122949	-0.200146	0.234894	-1.019930	0.014522	0.000873	0.014549	0.060052	0.397292	0.056776	0.401328	0.141945
399.000000	10092.142857	0.122947	-0.200147	0.234893	-1.019939	0.014524	0.000872	0.014550	0.059999	0.397310	0.056757	0.401344	0.141893
400.000000		0.122934	-0.200143	0.234883	-1.019978	0.014525	0.000872	0.014551	0.059985	0.397309	0.056754	0.401342	0.141887
